1090872
1675149
1829432
1209028
1209028
1821393
1158449
1838883
1500217
825313
1091587
1551152
1140859
1565025
1144980
771497
1253986
1800
1642122
1739445
1869141
712034
1850316
1698991
1824502
1646972
1838614
868857
1467373
1503290
1332551
1529377
1847891
1636289
917251
1771910
1830029
7084
1670541
1703056
2230
1002910
769218
769218
1039828
2809
1572621
919012
1378789
874761
874761
1789029
1162027
1042046
1042046
1042046
1042046
1042046
4977
1502573
1865975
1308648
1833909
1830232
880266
1362481
1178819
1831097
845877
1273813
1634997
1499505
1593548
1749704
100591
1569187
1232582
1577526
1209028
1526697
5272
819793
1778114
1750
1820877
109563
1722380
922864
1267238
1267238
354190
40888
1614806
1614806
1865107
899629
1487712
915913
1167379
1849056
66756
1545654
897077
1809104
766421
899051
1579241
1874474
40729
1411207
1759824
1034670
3499
1623925
1836056
874501
1845097
1411579
1748790
1037868
1004434
1562401
1591587
1142750
1129137
820027
1835636
1828723
1899287
1533924
1704715
1488139
1723128
1053507
1769731
1393584
1129137
350698
1829558
1596532
1018840
1477845
1379400
1766478
315293
784199
91142
6176
1517302
1862993
2969
1411579
1796209
1838337
820313
1418121
1849011
1858681
1701114
1521332
1174169
1174169
1174169
1174169
1604643
1433270
1305168
1037676
1508478
1515324
1035443
1176948
1091748
1091748
1467760
1865187
1102238
1736946
1584509
1790982
1389050
1428205
7536
1230869
1834048
1477720
1819510
7789
1577437
786035
1793855
890564
1674862
1673985
1145986
1123452
1122411
1839191
1825254
1841004
1794846
1882198
1580808
730464
1527636
1018963
1815849
1666138
731802
896622
1606457
1702780
1067428
1067837
1838207
1264089
104918
1504764
1819608
915912
5981
1219120
1348036
1606498
1122976
1722482
8818
1418100
906013
7431
1410636
1390195
1056903
1299709
1898019
1855302
1062231
4962
6207
1214816
1616862
1144215
1689923
1782754
866787
1633438
1432364
8947
9984
12927
1577552
70858
1869673
1443646
1071438
9389
1747079
1001085
1001085
1001085
1837429
1169770
1001290
1819574
10456
1070235
1836981
913059
1160330
1379785
1160330
1866390
1493683
1654795
1871130
842180
1113809
701985
764478
14930
1809541
1328581
718940
1161125
78890
312069
1655050
1506289
913142
1332283
790816
10795
10795
1664703
1696355
1809587
38777
1533232
1791863
1533232
1533232
1378992
1709505
1880441
1437578
1101215
1137393
1804176
907254
1137391
1144519
1546429
1521404
1306550
1278027
1474903
1838666
1287480
1504234
1393299
1726173
885590
863436
1671284
1830210
1160864
1108134
811809
1574085
1169034
1689813
768835
1836057
1786352
12208
1406234
1788348
1788348
1406234
1562818
1831270
1531152
1390777
1332349
885245
1130464
1627014
1820302
894242
1753539
832327
1504008
1860742
1633931
1316835
1176194
1364742
1855747
1831006
1233681
890541
1347426
1848020
1314966
1785971
9092
927971
14272
1634117
1424182
9631
1137390
1818089
1838544
1494582
1826889
1320375
46195
1610250
1715497
1840572
1372612
1828672
313807
850033
1815021
1383312
1772016
746598
1891101
1847351
1854401
1861449
1122491
1784797
79282
1866581
1717547
14846
826020
1581068
1027552
1851908
1471055
1748824
1486298
1621434
1698287
1616678
1768666
885725
1343793
1517496
1303523
925683
1528437
1064728
1379384
1668717
1528988
1714174
1579298
1734713
315858
1013131
1630805
908255
1504545
1630805
1630805
1486957
1393818
1301787
1061630
1298699
1037540
1736035
1702750
906553
1181187
1852633
915840
831001
1717393
1632127
16058
1299939
1173382
1368493
23217
721371
16988
14707
1406666
1725123
1800682
1538849
1783180
1683606
18230
18255
896159
1038572
1701809
910612
1138118
16040
723188
944148
1627223
1818201
1051470
1009001
1219601
815097
1472072
1334978
320340
1576940
888746
1812234
1828250
1166691
1725057
215466
1860543
1306830
1030475
860489
1710366
1488775
1576340
1717161
1136352
1324404
759944
39263
857949
1854640
1838293
1631569
313927
19584
1364954
1046311
1571776
845379
1777393
1730346
1730346
897429
1132924
1766502
1739940
24090
1071371
936395
833021
1157557
1278895
1409493
1868995
1593222
1534254
1091883
1509589
1829948
21665
1837739
1826855
1000229
1847064
1476045
764065
822818
1835713
1649096
732834
1030894
1764046
1441236
21076
1045520
28412
22444
1597835
1058090
26172
1227654
1503584
811156
811156
811156
811156
1666291
809844
21175
1071739
1824301
1851959
1851961
1733868
1567094
16868
1385280
1856525
816956
1704720
1224608
1130310
1017413
1284812
1787640
1070412
1467808
1345126
1659494
927628
1455863
1563190
711404
1857853
1163165
1347652
1842659
1024305
1651562
16875
1345105
1221029
16732
928022
701347
1545851
19745
1834584
1530721
1320461
906345
1827899
1828608
25445
1889539
1609253
1866175
849395
1818212
1060822
23194
1100682
1108524
17843
881787
1825497
1159510
1430162
790051
798359
1834032
1563411
1016281
68622
68622
1596783
23795
1709682
1547341
858470
1590717
26058
1341141
1835378
1755672
1488813
1298675
1488813
1125259
723603
1711291
1792781
25232
1475260
1590584
1376139
1828248
1690820
64803
93410
26324
1866368
1567683
1669779
1628369
1035201
1076378
1856242
845606
847411
1569345
1070985
932695
1108109
1859639
715957
1369241
27904
26780
1781753
916540
1792789
1656081
1159508
28823
1319947
1525201
1679688
1627854
29644
30305
1338065
1666700
910638
896923
1854545
28917
28917
315189
1622194
910521
1364250
1571996
945764
835403
1703141
1396167
1825088
1669811
1559991
1393612
29534
1022079
1057861
882184
313616
1331284
1393883
1608742
49754
1915657
1744489
1694426
1552797
1089063
1308547
1578453
1297996
27996
1788399
1754820
1523289
1565381
1478102
1725134
1858327
1830214
1799208
1779020
1599617
806628
1830374
949039
1574540
1582961
1516513
1857475
1722438
893691
1878897
29905
1751788
1515671
1286681
1477641
1023512
783280
1298946
940944
1042893
1175483
1871745
1566388
855887
1051003
1318885
1773383
936340
1870600
936340
879535
936340
1842022
936340
936340
1326160
1326160
1819928
927066
1090012
1812360
826675
1688568
67215
1002242
931148
7323
1560672
703351
1475115
33002
1439124
1367644
1444406
1864843
1604174
1604174
1604174
1604174
1604174
31462
1169652
1708035
1047862
1388141
1501103
1551040
1395213
1766363
1372920
1888447
791718
1579214
1411342
1701167
1258623
1288992
33185
1336050
1843973
1023731
918608
49600
894627
1803737
785161
1228509
1754836
1754836
1379041
827052
1001250
1739104
1739104
1348952
1600033
1041792
895417
1156039
1651094
1227862
105634
809708
915389
1517518
66901
32604
895728
895728
1868912
1659939
71508
1592000
71508
1420800
1816261
1632790
1289308
1337619
1529864
316253
1843862
1386067
821189
1300391
1308335
1454741
6955
1352010
1096752
1061219
1045450
1728951
1825720
803649
1818221
1333986
1826729
1140625
906107
878932
33213
1126874
1355444
1853860
72741
1877322
866706
1590714
1841420
1863105
1448893
1541401
920522
1707753
10254
1276187
1308927
896156
1270523
1395325
1551182
1281926
65984
1747009
1322436
1322435
1800347
1563696
1340736
1604481
1592057
1109116
1861121
1823652
1070732
1287498
1628908
1074540
1360901
1711269
1318568
1253327
1559865
1867102
1099800
1480999
1379438
1277866
918646
1483510
1289490
1635881
37996
1839550
1838987
1472787
1302624
1836176
1033012
1519751
1649749
1057706
1562528
886206
1823733
712537
887936
1650132
1464963
1282850
831259
1646109
1047340
1013237
1048911
1031296
1709819
1556336
1509646
1363438
1832433
1401257
1337298
1291334
1174164
1392994
1056288
36966
1786182
814547
1513789
1846576
1745059
1691445
1136893
1035983
850209
1855485
1245648
1831481
1772253
1128928
1124198
30625
1175454
1844650
37785
1199004
1333141
1061736
1319183
1408710
1531978
37808
1507079
1331875
1456346
1828937
1375340
1406587
1543916
1794669
1829426
1567569
1574197
1591670
1589420
921825
1259708
1132979
1844224
1827821
913290
34903
1840161
1494530
1422183
1517413
1341335
1840225
1720990
277509
833040
1740915
1839569
1810523
1681459
928054
1666175
1659166
1484769
39368
811532
1828183
1762301
1824434
1788717
1839824
1398659
794685
40417
1839121
1852061
1517006
40211
1799983
1495825
868671
1060349
1494904
1820872
923120
1579684
18498
1644440
845611
40533
1609711
1378701
1472341
1386278
1260729
40545
43920
1708441
1022321
1834489
923796
1612875
912463
1898496
858706
50725
1172724
1780232
1780232
1845459
1823896
1073404
42888
921671
1585855
104889
1724755
1282977
1821160
716314
1554697
1844505
1061574
945114
1061894
828803
40704
1286405
1340909
1343491
1356284
1357660
1192448
320335
1557860
1598655
1323468
1805087
41719
24741
1467858
1326380
1237831
1533615
1600438
1528356
1326200
1526113
1474735
1438893
1276520
1380936
1852940
1291733
756894
1672013
1690511
1768259
40987
1031203
41091
1408075
1703644
1123360
874499
1464591
39911
1373670
42682
1121788
1841761
1391437
886982
1572694
1131399
1430725
1849280
1837207
1718512
892553
43196
1052752
1864208
1080720
861459
1819438
1528396
277135
1852244
1468174
313143
45012
1561894
1834622
1709164
1359841
1322422
860730
1691303
1400810
1280784
354950
1144967
354707
46619
1283140
1496749
4447
1789832
1710680
1622148
1840776
1674168
1498828
1824185
1417398
1519505
874766
1823776
1501585
1287808
1773751
910068
1828105
921082
1058239
1809691
719413
1180262
1840292
1302215
1024795
1822928
1900304
1585689
866829
1850529
715153
1603016
850141
1023514
722723
48287
793952
1331520
1398987
357294
46765
1645590
1189740
1176199
1482512
47217
1215913
1809353
805267
884121
1360604
12659
1364479
48465
1859285
1598665
1089113
45876
47111
1063344
1850038
1260041
1487428
1487428
1280784
1265131
1828817
1396502
48898
1404655
1836894
49071
1307954
1728190
216085
1841144
4281
717605
1173514
825345
1497186
1759631
1222401
1637655
1057060
1821788
1745041
1844579
1385632
1203464
1044896
1835205
51143
1103838
1580905
1537028
1571949
941221
1858351
1057877
1417802
1005731
832101
51253
1862935
917100
1615903
1332943
1285890
1462586
1268884
1619762
1814423
1496292
858446
1682811
1876183
1698508
916618
764401
885601
1677576
921582
1820191
1862463
1868778
1067491
1039765
1046257
1497645
30125
1609550
1841804
1679049
789460
1687229
1824920
1642896
51434
51644
1421461
1818876
1818873
1839608
1839610
885125
1478242
1699150
858707
1020569
1777946
1854795
933267
1466085
1837430
1534880
749251
1276671
1114483
216228
1132597
49826
742112
1568292
1437071
1307748
914208
1070304
52988
1855644
1689796
1839839
1284143
898293
1433660
1385763
833444
96223
1674335
1708261
866095
1276533
1615905
1753217
1274173
759828
759866
1159152
1687932
1481513
1037976
1472215
1756708
838131
200406
1043604
1819848
745308
859796
1216583
1547994
19617
1176433
1679033
1227476
1539337
1289213
1158289
1509253
1713923
1838814
72333
1831359
1822993
55067
1843212
886346
54381
1395942
1445930
795266
1357615
1865407
1867072
1611005
887225
56047
91576
1601046
748691
1072627
56679
701818
879101
1846069
1515940
1404912
1404912
1719489
55785
1500096
1506307
860748
860748
55242
1170010
1587523
1564180
1669162
1885444
1492691
21344
31235
910631
1315257
1855457
1509991
56873
1025996
1631596
1286043
1257640
1657788
846596
885639
892450
1760965
839533
1283464
1283337
1809158
1408100
81362
1293613
60086
1440972
1023128
1577670
1625641
1311370
1694028
1409970
57725
763744
1847577
1831631
1336920
1548717
842162
58492
1596856
920760
818972
1834974
94845
1823766
1547546
1278211
1832300
920148
1824153
202058
1828811
1069202
1707925
1523836
1396033
1835512
59478
1691421
936468
59558
1499849
836157
1848323
1840780
1841585
1711375
60667
1596993
1528129
1290109
60519
1157408
944314
1823306
887905
1869198
1742924
1816007
18926
92380
1300514
1679273
1096056
910108
60714
1489393
1160106
1335258
57131
794367
1141391
912595
912242
1840148
1396440
871763
1549107
62996
1000623
3453
1258943
1818383
1121142
1839175
814585
1856589
1596967
1476034
63908
1846510
275694
927653
1289868
1059556
851170
62234
1853513
64996
893949
773141
1823143
1613103
67716
1645873
1766368
910329
1643615
1855066
65270
1099219
1055160
1086888
1276469
1335730
1359711
801961
856128
1436126
749098
811922
789570
1004434
1004434
1004434
1326390
1698990
1034665
830487
1223026
851968
1412100
1038186
1412100
799292
826735
1864290
1809987
1826058
1514281
1576914
890393
63754
1816613
1096343
1807846
89439
916076
1834494
63330
924822
62709
1518557
1578732
66740
1126975
1032220
809173
886043
1524223
894351
1745797
1815846
1863719
764180
67347
837465
1118417
1743971
1179929
1285785
72573
1801368
891038
1510295
1793229
1552000
831655
1287865
1129155
887394
890196
1439095
310158
101778
895421
66570
65172
1713334
1408198
904112
1795250
1636519
68505
1003078
1243429
1853021
36270
1243429
1037646
1520006
876437
833079
812011
313364
1104657
1885754
61986
891014
15615
901243
1051004
1071899
67088
1232860
1053988
717423
1573516
314203
835948
1371782
897269
1350593
1325702
863900
65433
879361
69488
883412
882150
1679082
1831907
1834488
1074952
1083839
1074769
1835256
1000177
892992
1478888
1475841
1163739
1843181
789933
818851
1513761
70866
1214935
1227857
1793129
1547158
1458891
1195737
753308
1164727
1603145
1477333
1854458
1587264
1282637
1448056
1688476
1713930
70145
1260563
1862327
1850502
1843249
1004315
1504461
1084991
1547459
1653477
877860
1111711
1174850
1557915
1383441
890119
1111711
1532286
1736541
1564584
356309
320187
1177219
1195738
72162
1078207
1492633
1043219
1333172
1861115
1774342
1649752
830271
1415921
1163653
1607997
897419
1266585
1258602
751364
818850
1368519
1499543
1133421
1104485
924613
899782
1651717
1823466
1021860
1772695
1373715
1835068
1865389
80172
1164863
897421
870780
71829
1819404
1786248
1013871
1828536
1756908
1195739
1171486
72633
70502
1110805
1618563
702165
1093428
1000753
1110805
1834518
1835817
1835814
1653242
1776967
1490286
1725964
1798100
900391
1691493
73309
878200
1021561
812801
1811063
1450445
1090116
1581804
353278
906163
1444380
1114448
1757073
1720635
1501134
844150
1733998
1423221
885732
1356115
1698535
1087786
885731
883618
1620393
1595527
910073
71691
1137887
726728
1370946
1780531
873860
74046
1431852
1609804
860546
1030469
1829949
1021635
1821825
1587732
888491
812074
835333
73756
1121484
1039684
74303
1431695
712770
29989
1584207
75252
1873923
1858985
1110611
704532
1327688
1843121
1825024
1818502
1678130
791963
1627272
1296445
1038143
1518621
1655888
1341439
74260
1402829
1568651
75208
1564406
1832136
775158
1781335
1816581
1579877
1792580
1823945
1816708
75288
797468
1347557
1853070
1712463
1019849
1712807
75398
1469395
708821
821483
1734722
1886878
1841156
1590955
1068851
1546066
1534504
1582568
1295947
78814
1119639
319654
810943
1004980
1004980
1170300
908187
1160990
1611052
1824993
1140411
1568100
1510599
1042776
1798618
1841845
1013605
855886
765880
1474098
788784
77281
1321732
216851
868578
78003
1618673
1137774
1244183
1504619
1296250
882071
1178970
1745916
80424
1318025
80661
1605607
1873331
1861541
1354327
1557523
76334
1305767
313216
78150
1219360
822416
1412408
1166258
315131
1848756
1819175
1835800
931015
830622
1786117
1679826
1506293
1822835
1230245
1626115
1617406
76267
75677
31791
889132
1836833
1045609
1637207
1287213
1321655
1515816
1413329
1140392
1170299
844790
900422
1464423
1807765
1181506
713676
1140410
1170311
1108426
1383414
77360
1830392
764622
1842430
784977
1865200
1530950
79879
922224
827773
1658566
1127703
1848165
1808834
1585364
1137774
1475922
1443669
1880319
884713
1392972
1821329
1137774
1724009
1592058
1137774
1393311
1498612
1833835
275880
938323
1843716
1474432
1759774
1534701
1793882
1190935
1116578
1680247
1818787
78239
1520048
1050915
1835681
1841968
1038357
1181505
1181504
1399249
1907982
1692705
1830795
1015820
1794621
1811414
1618756
1410384
1481792
1115128
1254699
1254699
85961
1655099
1804583
1648416
84129
733269
1046102
1315098
1812173
1862068
1527590
1527590
1527590
1527590
1870143
733099
884887
916183
1724521
890926
1819810
1135951
1095073
929869
1509223
1838957
742278
887921
1687221
744187
1571283
1740332
1281761
891290
1713863
1790177
1817159
1393066
898174
95029
716643
1514490
1528849
315213
1040829
1451505
863064
1556593
1501072
1852495
720005
1852117
1805284
1844363
1037038
84246
1511337
1866874
1828365
1519401
1581091
943819
1746967
1771226
1870833
1757932
912147
1384905
1699039
1224450
913144
84748
1024478
84839
1845437
882835
1841610
110621
842183
1157842
1860879
315852
82811
861884
1644771
1060391
1793659
1851112
930157
101829
1746618
804116
930236
1000275
1597672
1849253
1481582
52827
898174
898174
1583708
1231346
1688852
1043509
1571123
949870
891478
1434614
1000184
1377936
1377936
1498710
1434754
1483934
1368458
882300
1842729
351817
710752
1170858
1786909
1001838
1270131
316709
89089
94049
1551901
1050825
1403256
1853594
93676
1349436
1812923
1703399
1564902
1846975
1012100
1320414
1831840
1819142
720672
720672
1430723
86115
1289877
1477815
1828182
1878057
1002590
1620533
1881462
1306965
1263043
1610466
1295810
1594805
1784851
89800
1312109
1049659
832988
1512920
1575051
894315
1650729
701374
91928
91928
91928
91419
932872
319655
766829
1713748
1774675
1801661
1015650
899715
1065837
90896
1834755
87347
1524741
1097362
1040971
849869
1794783
1856485
893538
1366561
1022837
825542
1690334
1549922
93389
1822966
1837014
1842731
91440
1564408
1043000
1692063
845982
1640147
18349
1177394
92122
1697500
92122
92122
92122
1417892
91767
1407973
313838
91847
1346610
109177
1706946
897802
1063761
64040
1839127
1005210
1816017
1452857
1576018
1639920
1364885
88205
1338561
1512673
909037
1383395
1496963
1604477
1126956
1308606
1032208
1032208
1628063
1043337
16859
1525287
1031029
1400897
920371
314590
1805833
1549346
1869858
1477294
1479094
1095651
94344
1757898
1758766
1858684
102426
1723935
1471420
1605484
932787
1131383
1483934
1753886
1538990
1703785
1838361
1884697
93751
1849853
1465128
16918
311337
1885461
912593
1621563
1552275
1821850
95552
1517399
909327
1710583
1739942
93556
7332
93556
1692115
813623
1514705
310354
310142
1601712
310764
96021
1506488
732717
1144800
1395064
1499620
1724965
24545
906338
732717
732717
768899
733590
1584425
1846750
1411688
947263
816761
1803112
919893
1260221
1477449
1051512
98222
1094285
1704299
886986
814052
909112
1385157
1024725
932470
818686
97216
92230
1588823
1829726
1577134
96943
850429
1413159
1021162
1534675
39899
1863099
931427
27419
70318
944695
730263
1604522
1489096
1320695
1635977
1826168
1820144
318833
1825155
109198
911971
1071321
98362
1827871
1001807
1524025
1094517
1835236
1744676
1562476
97745
1598428
1428875
97134
937098
1419945
1361658
1166663
794170
1650164
1290677
77543
1819399
1561680
1811074
1116132
1674356
1580345
1206264
1408201
98677
1841230
96869
1840353
1069878
1389170
1075124
1852736
99780
1476150
1530804
1232384
1158041
1847112
1660734
1630472
1552033
86312
1190723
1519061
809559
1508655
1046179
100493
1838219
1499832
1466258
737758
879764
844965
926042
1526329
868675
1008654
1829118
912892
1376986
1376986
899751
1447669
804123
1814215
1835881
1465740
1843988
1418091
1342874
217346
99614
1268533
860731
1810806
1336917
1336917
1425292
1029800
1543151
1029800
1610520
74208
1611547
100726
884614
884614
1094972
352915
798783
1511737
746838
217410
1033767
752642
717954
1020859
731766
5513
5513
100885
1494319
1819516
1770141
1090727
1067701
799195
1522727
36104
1610682
1557127
1665918
821130
896264
885978
923571
1275617
1261654
755001
1739566
891166
102037
1783398
821130
821130
821130
1403161
1524358
314808
917851
1253176
1006837
5094
1517767
895531
1848948
1393052
1692376
1293135
103379
1528811
880892
59440
1082324
59255
1769116
1705696
1529192
1762506
1066119
877463
1825079
1863006
1035002
1520504
846671
1819584
1396009
102729
884152
1124610
1579157
899689
1786842
1705682
1505413
1535929
1487952
895528
924901
1674101
1599489
1856437
103730
1692819
1616318
1793663
883265
1525221
740260
884219
1713952
1059386
1674910
1601548
1822877
732712
1835591
1616707
943452
1212545
1000697
1849580
801337
1866501
929008
1318220
1497770
1823986
1819559
844551
1813756
1163792
1609151
1857951
783325
1877557
766704
1423902
1309108
1264136
72971
1402388
107687
1722684
1699136
1165002
106640
1254370
1123799
1267902
1445305
1262823
1604665
107140
107140
823768
107263
1465885
105418
1604028
104169
879526
1843714
1356570
895419
108516
1701051
1025378
1836075
1836074
1323404
806968
1851174
1855168
11544
1504776
104894
1732845
719955
105016
1175535
105770
1288403
776867
78128
795403
1693256
1365135
1091907
110471
106535
1163302
1703079
1616000
1398453
1772720
34088
1803696
1810997
1166003
1802156
1575828
1725033
1524472
775368
1794350
1345016
1670592
1614178
1838413
1856314
904851
1631761
1819580
1840859
1041061
1673358
1136869
1463172
1720446
1851003
1802749
1877787
1835724
1654126
1617553
1041668
1677250
836412
1555280
1423774
1854139
1439288
1403752
